[gd_scene load_steps=6 format=3 uid="uid://r83u5t4wcdo4"]

[ext_resource type="PackedScene" uid="uid://vvfmj7noe27m" path="res://assets/3DModel/eye.tscn" id="1_2dxqr"]
[ext_resource type="AnimationLibrary" uid="uid://bc3usmayrflx8" path="res://assets/3DModel/eye_anim/eye.res" id="2_mrcaq"]
[ext_resource type="Script" uid="uid://cytd1o8og3ua7" path="res://Eyeball.gd" id="2_wxyli"]

[sub_resource type="Animation" id="Animation_4ioec"]
length = 0.001
tracks/0/type = "rotation_3d"
tracks/0/imported = false
tracks/0/enabled = true
tracks/0/path = NodePath("top_eyelid")
tracks/0/interp = 1
tracks/0/loop_wrap = true
tracks/0/keys = PackedFloat32Array(0, 1, 0.28729847, -0.30994484, -0.6646788, 0.6161135)

[sub_resource type="AnimationLibrary" id="AnimationLibrary_auk30"]
_data = {
&"RESET": SubResource("Animation_4ioec")
}

[node name="eye" instance=ExtResource("1_2dxqr")]
transform = Transform3D(0.955784, 0.1738505, -0.2371773, -0.17895679, 0.98385704, 0, 0.23334849, 0.04244448, 0.97146636, 0, 0, 0)
script = ExtResource("2_wxyli")

[node name="backofeye" parent="." index="1"]
transform = Transform3D(1.0240202, 0, 0, 0, 1.0240202, 0, 0, 0, 1.0240202, 0, 0, 0)
visible = false

[node name="top_eyelid" parent="." index="2"]
transform = Transform3D(-0.07572753, 0.6409418, -0.7638449, -0.9971286, -0.048676766, 0.058010608, -7.8231096e-08, 0.7660445, 0.6427876, 0, 0, 0)

[node name="low_eyelid" parent="." index="3"]
transform = Transform3D(0.05446209, 0.6418333, -0.7649077, 0.9985158, -0.035007514, 0.04172042, 3.9115548e-08, -0.7660448, -0.6427873, 0, 0, 0)

[node name="AnimationPlayer" parent="." index="4"]
libraries = {
&"": SubResource("AnimationLibrary_auk30"),
&"eye": ExtResource("2_mrcaq")
}
autoplay = "eye/eye_close_0"
playback_default_blend_time = 1.0
blend_times = [&"eye/eye_close_0", &"back_eye_move", 100.0, &"eye/eye_close_0", &"eyemove", 100.0, &"eye/eye_close_0", &"low_eyelid_move", 370.588, &"eye/eye_close_0", &"top_eyelid_move", 1000.0]
